memory_initialization_radix=10;
memory_initialization_vector=0, 0, 14610, 18611, 22391, 26118, 29953, 34069, 38689, 44101, 48429, 48429, 48429, 48430, 48430, 48430, 48430, 48430, 48429, 48429, 48429, 52749, 54746, 54979, 55353, 55915, 56158, 55516, 55087, 54810, 54655, 54655, -50755, -50755, -50755, -50755, -50756, -50755, -50755, -50755, -50755, -50755, -48497, -44484, -44291, -43968, -43475, -42743, -43475, -43968, -44291, -44484, -44523, -38192, -32449, -28540, -24942, -21489, -18037, -14450, 0, 0, 0, 0, 0, 0, 14610, 18611, 22391, 26118, 29953, 34069, 38596, 43990, 48429, 48429, 48429, 48430, 48430, 48430, 48430, 48430, 48429, 48429, 48429, 52860, 58255, 60050, 60655, 61554, 61939, 60918, 60224, 59774, 59774, 59774, -50755, -50755, -50755, -50755, -50756, -50755, -50755, -50755, -50755, -50755, -48437, -42572, -39277, -38753, -37962, -36803, -37962, -38753, -39277, -39404, -39404, -33687, -26417, -22078, -18894, -15752, -12538, 0, 0, 0, 0, 0, 14610, 14610, 14610, 18611, 22391, 26118, 29953, 33866, 38195, 43792, 48430, 48430, 48430, 48430, 48430, 48430, 48430, 48430, 48430, 48430, 48430, 53058, 58656, 62986, 64728, 65823, 66288, 65049, 64198, 64198, 64198, 64198, -50755, -50755, -50755, -50755, -50756, -50755, -50755, -50755, -50755, -50755, -48330, -42228, -37513, -34733, -33766, -32366, -33766, -34733, -34980, -34980, -34980, -29707, -22979, -17419, -13887, 0, 0, 0, 0, 0, 0, 14610, 18611, 18611, 18611, 18611, 22391, 26118, 29608, 33058, 37575, 43483, 48430, 48430, 48430, 48430, 48430, 48430, 48430, 48430, 48430, 48430, 48430, 53367, 59276, 63793, 67244, 69048, 69553, 68200, 68200, 68200, 68200, 68200, -50755, -50755, -50755, -50755, -50756, -50755, -50755, -50755, -50755, -50755, -48163, -41696, -36757, -32981, -30579, -29056, -30579, -30978, -30978, -30978, -30978, -26030, -19705, -14472, 0, 0, 0, 0, 0, 0, 12125, 18611, 22391, 22391, 22391, 22391, 22391, 25600, 28284, 31879, 36659, 43019, 48430, 48430, 48430, 48430, 48430, 48430, 48430, 48430, 48430, 48430, 48430, 53831, 60192, 64973, 68568, 71253, 71980, 71980, 71980, 71980, 71980, 71980, -50756, -50756, -50756, -50756, -50756, -50756, -50756, -50756, -50756, -50756, -47911, -40905, -35649, -31695, -28732, -26613, -27198, -27198, -27198, -27198, -27198, -22484, -16462, 0, 0, 0, 0, 0, 0, 0, 15712, 22391, 26118, 26118, 26118, 26118, 25600, 26118, 28779, 32321, 37004, 43195, 48430, 48430, 48430, 48430, 48430, 48430, 48430, 48430, 48430, 48430, 48430, 53655, 59847, 64530, 68073, 70734, 74461, 75708, 75708, 75708, 75708, 75708, -50755, -50755, -50755, -50755, -50756, -50755, -50755, -50755, -50755, -50755, -48006, -41203, -36066, -32176, -29245, -25957, -23470, -23470, -23470, -23470, -23470, -18924, -13127, 0, 0, 0, 0, 0, 0, 13427, 19163, 26118, 29953, 29953, 29953, 29608, 28284, 28779, 29953, 33363, 37810, 43601, 48430, 48430, 48430, 48430, 48430, 48430, 48430, 48430, 48430, 48430, 48430, 53249, 59041, 63488, 66899, 70734, 74461, 78242, 79542, 79542, 79542, 79542, -50755, -50755, -50755, -50755, -50756, -50755, -50755, -50755, -50755, -50755, -48226, -41898, -37043, -33315, -29702, -25957, -22213, -19636, -19636, -19636, -19636, -15203, 0, 0, 0, 0, 0, 0, 0, 16568, 22617, 29953, 34069, 34069, 33866, 33058, 31879, 32321, 33363, 34069, 38350, 43869, 48429, 48429, 48429, 48430, 48430, 48430, 48430, 48430, 48429, 48429, 48429, 52981, 58501, 62782, 66899, 70734, 74461, 78242, 82243, 83659, 83659, 83659, -50755, -50755, -50755, -50755, -50756, -50755, -50755, -50755, -50755, -50755, -48372, -42361, -37703, -33609, -29702, -25957, -22213, -18305, -15519, -15519, -15519, 0, 0, 0, 0, 0, 0, 12147, 15093, 19753, 26214, 34069, 38689, 38596, 38195, 37575, 36659, 37004, 37810, 38350, 38689, 44036, 48429, 48429, 48429, 48430, 48430, 48430, 48430, 48430, 48429, 48429, 48429, 52814, 58162, 62782, 66899, 70734, 74461, 78242, 82243, 86667, 88280, 88280, -50755, -50755, -50755, -50755, -50756, -50755, -50755, -50755, -50755, -50755, -48462, -42652, -37866, -33609, -29702, -25957, -22213, -18305, -14049, 0, 0, 0, 0, 0, 0, 0, 14136, 17379, 20653, 24092, 30124, 38689, 44101, 43990, 43792, 43483, 43019, 43195, 43601, 43869, 44036, 44121, 48429, 48429, 48429, 48430, 48430, 48430, 48430, 48430, 48429, 48429, 48429, 52729, 58162, 62782, 66899, 70734, 74461, 78242, 82243, 86667, 91787, 93713, -50755, -50755, -50755, -50755, -50756, -50755, -50755, -50755, -50755, -50755, -48507, -42716, -37866, -33609, -29702, -25957, -22213, -18305, -14049, 0, 0, 0, 0, 0, 12878, 16599, 20159, 23704, 27382, 31362, 35867, 44121, 48429, 48429, 48430, 48430, 48430, 48430, 48430, 48429, 48429, 48429, 50659, 50691, 50765, 50890, 51082, 51371, 51082, 50890, 50765, 50691, 50659, 52778, 58205, 62821, 66935, 70767, 74493, 78272, 82273, 86696, 91814, 98039, -48497, -48437, -48330, -48163, -47911, -48006, -48226, -48372, -48462, -48507, -44951, -39554, -34992, -30944, -27188, -23552, -19883, -16024, 0, 0, 0, 0, 0, 13193, 17310, 21145, 24872, 28653, 32654, 37078, 42198, 48429, 48429, 48429, 48430, 48430, 48430, 48430, 48430, 48429, 48429, 48429, 50691, 56458, 56699, 57100, 57708, 58610, 57708, 57100, 56699, 56458, 56458, 56621, 58765, 63327, 67401, 71203, 74906, 78668, 82655, 87066, 92137, 98389, -44484, -42572, -42228, -41696, -40905, -41203, -41898, -42361, -42652, -42716, -39554, -31289, -27446, -23928, -20565, -17219, -13761, 0, 0, 0, 0, 0, 0, 13193, 17310, 21145, 24872, 28653, 32654, 37078, 42158, 48429, 48429, 48429, 48430, 48430, 48430, 48430, 48430, 48429, 48429, 48429, 50765, 56699, 61309, 61882, 62742, 63998, 62742, 61882, 61309, 61309, 61309, 61456, 62177, 64389, 68379, 72117, 75771, 79495, 83451, 87724, 92729, 99141, -44291, -39277, -37513, -36757, -35649, -36066, -37043, -37703, -37866, -37866, -34992, -27446, -21233, -18133, -15091, 0, 0, 0, 0, 0, 0, 0, 0, 13193, 17310, 21145, 24872, 28653, 32654, 36952, 41965, 48429, 48430, 48430, 48430, 48430, 48430, 48430, 48430, 48430, 48430, 48430, 50890, 57100, 61882, 65567, 66574, 68025, 66574, 65567, 65567, 65567, 65567, 65701, 66361, 67524, 69796, 73440, 77021, 80687, 84393, 88438, 93626, 100294, -43968, -38753, -34733, -32981, -31695, -32176, -33315, -33609, -33609, -33609, -30944, -23928, -18133, -13337, 0, 0, 0, 0, 0, 0, 13699, 15980, 15980, 15980, 17310, 21145, 24872, 28653, 32407, 36427, 41642, 48430, 48430, 48430, 48430, 48430, 48430, 48430, 48430, 48430, 48430, 48430, 51082, 57708, 62742, 66574, 69475, 71022, 69475, 69475, 69475, 69475, 69475, 69600, 70214, 71296, 72770, 75093, 78580, 81870, 85152, 89384, 94833, 101869, -43475, -37962, -33766, -30579, -28732, -29245, -29702, -29702, -29702, -29702, -27188, -20565, -15091, 0, 0, 0, 0, 0, 0, 0, 17557, 19887, 19887, 19887, 19887, 21145, 24872, 28254, 31440, 35637, 41150, 48430, 48430, 48430, 48430, 48430, 48430, 48430, 48430, 48430, 48430, 48430, 51371, 58610, 63998, 68025, 71022, 73221, 73221, 73221, 73221, 73221, 73221, 73339, 73918, 74937, 76324, 77999, 79966, 82621, 86084, 90569, 96371, 103915, -42743, -36803, -32366, -29056, -26613, -25957, -25957, -25957, -25957, -25957, -23552, -17219, 0, 0, 0, 0, 0, 0, 0, 14893, 21226, 23632, 23632, 23632, 23632, 23632, 24287, 26731, 30041, 34478, 40417, 48430, 48430, 48430, 48430, 48430, 48430, 48430, 48430, 48430, 48430, 48430, 51082, 57708, 62742, 66574, 69475, 73221, 76966, 76966, 76966, 76966, 76966, 77079, 77632, 78602, 79920, 81175, 81918, 83504, 87203, 92018, 98292, 106523, -43475, -37962, -33766, -30579, -27198, -23470, -22213, -22213, -22213, -22213, -19883, -13761, 0, 0, 0, 0, 0, 0, 12766, 18239, 24862, 27376, 27376, 27376, 27376, 26920, 26406, 28254, 31440, 35637, 41150, 48430, 48430, 48430, 48430, 48430, 48430, 48430, 48430, 48430, 48430, 48430, 50890, 57100, 61882, 65567, 69475, 73221, 76966, 80874, 80874, 80874, 80874, 80983, 81515, 82447, 83474, 84235, 85156, 86241, 88516, 93765, 100670, 109840, -43968, -38753, -34733, -30978, -27198, -23470, -19636, -18305, -18305, -18305, -16024, 0, 0, 0, 0, 0, 0, 0, 15808, 21602, 28618, 31284, 31284, 31284, 30989, 29850, 29369, 30655, 32407, 36427, 41642, 48430, 48429, 48429, 48430, 48430, 48430, 48430, 48430, 48429, 48429, 48429, 50765, 56699, 61309, 65567, 69475, 73221, 76966, 80874, 85132, 85132, 85132, 85237, 85753, 86511, 87246, 88195, 89362, 90769, 92452, 95879, 103638, 114117, -44291, -39277, -34980, -30978, -27198, -23470, -19636, -15519, -14049, -14049, 0, 0, 0, 0, 0, 0, 12766, 15808, 18908, 25120, 32667, 35540, 35540, 35377, 34717, 33740, 33324, 34432, 35187, 36952, 41965, 48429, 48429, 48429, 48430, 48430, 48430, 48430, 48430, 48429, 48429, 48429, 50691, 56458, 61309, 65567, 69475, 73221, 76966, 80874, 85132, 89983, 89983, 90086, 90526, 91170, 92092, 93299, 94813, 96680, 98973, 101821, 107422, 119793, -44484, -39404, -34980, -30978, -27198, -23470, -19636, -15519, 0, 0, 0, 0, 0, 0, 0, 14893, 18239, 21602, 25120, 28963, 37229, 40390, 40326, 40036, 39572, 38878, 38579, 39370, 39903, 40246, 42158, 48429, 48429, 48429, 48430, 48430, 48430, 48430, 48430, 48429, 48429, 48429, 50659, 56458, 61309, 65567, 69475, 73221, 76966, 80874, 85132, 89983, 95783, 95875, 96324, 97138, 98319, 99891, 101902, 104437, 107641, 111756, 117207, 127687, -44523, -39404, -34980, -30978, -27198, -23470, -19636, -15519, 0, 0, 0, 0, 0, 13699, 17557, 21226, 24862, 28618, 32667, 37229, 42625, 46182, 46136, 46046, 45901, 45681, 45585, 45837, 46005, 46111, 46171, 48429, 52749, 52860, 53058, 53367, 53831, 53655, 53249, 52981, 52814, 52729, 52778, 56621, 61456, 65701, 69600, 73339, 77079, 80983, 85237, 90086, 95875, 98110, 98596, 99481, 100771, 102496, 104717, 107540, 111142, 115824, 122120, 131010, -38192, -33687, -29707, -26030, -22484, -18924, -15203, 0, 0, 0, 0, 0, 0, 15980, 19887, 23632, 27376, 31284, 35540, 40390, 46182, 48429, 48429, 48429, 48430, 48430, 48430, 48430, 48430, 48429, 48429, 48429, 54746, 58255, 58656, 59276, 60192, 59847, 59041, 58501, 58162, 58162, 58205, 58765, 62177, 66361, 70214, 73918, 77632, 81515, 85753, 90526, 96324, 98596, 98596, 99481, 100771, 102496, 104717, 107540, 111142, 115824, 121820, 130721, -32449, -26417, -22979, -19705, -16462, -13127, 0, 0, 0, 0, 0, 0, 0, 15980, 19887, 23632, 27376, 31284, 35540, 40326, 46136, 48429, 48429, 48429, 48430, 48430, 48430, 48430, 48430, 48429, 48429, 48429, 54979, 60050, 62986, 63793, 64973, 64530, 63488, 62782, 62782, 62782, 62821, 63327, 64389, 67524, 71296, 74937, 78602, 82447, 86511, 91170, 97138, 99481, 99481, 99481, 100771, 102496, 104717, 107540, 111142, 115276, 121121, 130244, -28540, -22078, -17419, -14472, 0, 0, 0, 0, 0, 0, 13193, 13193, 13193, 15980, 19887, 23632, 27376, 31284, 35377, 40036, 46046, 48429, 48429, 48429, 48430, 48430, 48430, 48430, 48430, 48429, 48429, 48429, 55353, 60655, 64728, 67244, 68568, 68073, 66899, 66899, 66899, 66899, 66935, 67401, 68379, 69796, 72770, 76324, 79920, 83474, 87246, 92092, 98319, 100771, 100771, 100771, 100771, 102496, 104717, 107540, 110366, 114173, 120129, 129617, -24942, -18894, -13887, 0, 0, 0, 0, 0, 0, 12878, 17310, 17310, 17310, 17310, 19887, 23632, 27376, 30989, 34717, 39572, 45901, 48430, 48430, 48430, 48430, 48430, 48430, 48430, 48430, 48430, 48430, 48430, 55915, 61554, 65823, 69048, 71253, 70734, 70734, 70734, 70734, 70734, 70767, 71203, 72117, 73440, 75093, 77999, 81175, 84235, 88195, 93299, 99891, 102496, 102496, 102496, 102496, 102496, 104717, 106564, 108897, 112707, 118825, 128869, -21489, -15752, 0, 0, 0, 0, 0, 0, 0, 16599, 21145, 21145, 21145, 21145, 21145, 23632, 26920, 29850, 33740, 38878, 45681, 48430, 48430, 48430, 48430, 48430, 48430, 48430, 48430, 48430, 48430, 48430, 56158, 61939, 66288, 69553, 71980, 74461, 74461, 74461, 74461, 74461, 74493, 74906, 75771, 77021, 78580, 79966, 81918, 85156, 89362, 94813, 101902, 104717, 104717, 104717, 104717, 104717, 104717, 106012, 108318, 112127, 118312, 128597, -18037, -12538, 0, 0, 0, 0, 0, 0, 14136, 20159, 24872, 24872, 24872, 24872, 24872, 24287, 26406, 29369, 33324, 38579, 45585, 48430, 48430, 48430, 48430, 48430, 48430, 48430, 48430, 48430, 48430, 48430, 55516, 60918, 65049, 68200, 71980, 75708, 78242, 78242, 78242, 78242, 78272, 78668, 79495, 80687, 81870, 82621, 83504, 86241, 90769, 96680, 104437, 107540, 107540, 107540, 107540, 106564, 106012, 107540, 109919, 113727, 119731, 129380, -14450, 0, 0, 0, 0, 0, 0, 12147, 17379, 23704, 28653, 28653, 28653, 28653, 28254, 26731, 28254, 30655, 34432, 39370, 45837, 48430, 48430, 48430, 48430, 48430, 48430, 48430, 48430, 48430, 48430, 48430, 55087, 60224, 64198, 68200, 71980, 75708, 79542, 82243, 82243, 82243, 82273, 82655, 83451, 84393, 85152, 86084, 87203, 88516, 92452, 98973, 107641, 111142, 111142, 111142, 110366, 108897, 108318, 109919, 111142, 114946, 120823, 130050, 0, 0, 0, 0, 0, 0, 0, 15093, 20653, 27382, 32654, 32654, 32654, 32407, 31440, 30041, 31440, 32407, 35187, 39903, 46005, 48430, 48430, 48430, 48430, 48430, 48430, 48430, 48430, 48430, 48430, 48430, 54810, 59774, 64198, 68200, 71980, 75708, 79542, 83659, 86667, 86667, 86696, 87066, 87724, 88438, 89384, 90569, 92018, 93765, 95879, 101821, 111756, 115824, 115824, 115276, 114173, 112707, 112127, 113727, 114946, 115824, 121620, 130581, 0, 0, 0, 0, 0, 13427, 16568, 19753, 24092, 31362, 37078, 37078, 36952, 36427, 35637, 34478, 35637, 36427, 36952, 40246, 46111, 48429, 48429, 48429, 48430, 48430, 48430, 48430, 48430, 48429, 48429, 48429, 54655, 59774, 64198, 68200, 71980, 75708, 79542, 83659, 88280, 91787, 91814, 92137, 92729, 93626, 94833, 96371, 98292, 100670, 103638, 107422, 117207, 122120, 121820, 121121, 120129, 118825, 118312, 119731, 120823, 121620, 122120, 130938, 0, 0, 0, 12125, 15712, 19163, 22617, 26214, 30124, 35867, 42198, 42158, 41965, 41642, 41150, 40417, 41150, 41642, 41965, 42158, 46171, 48429, 48429, 48429, 48430, 48430, 48430, 48430, 48430, 48429, 48429, 48429, 54655, 59774, 64198, 68200, 71980, 75708, 79542, 83659, 88280, 93713, 98039, 98389, 99141, 100294, 101869, 103915, 106523, 109840, 114117, 119793, 127687, 131010, 130721, 130244, 129617, 128869, 128597, 129380, 130050, 130581, 130938, 131071, 0, 0, 14610, 18611, 22391, 26118, 29953, 34069, 38689, 44121, 48429, 48429, 48429, 48430, 48430, 48430, 48430, 48430, 48429, 48429, 48429, 48429, 48429, 48429, 48430, 48430, 48430, 48430, 48430, 48429, 48429, 48429, -50755, -50755, -50755, -50755, -50756, -50755, -50755, -50755, -50755, -50755, -48497, -44484, -44291, -43968, -43475, -42743, -43475, -43968, -44291, -44484, -44523, -38192, -32449, -28540, -24942, -21489, -18037, -14450, 0, 0, 0, 0, -124445, -123945, -123149, -122056, -120637, -121150, -122454, -123446, -124146, -124445, -119533, -109747, -105964, -102995, -100617, -98697, -97158, -95951, -95054, -94462, -94140, -94112, -90605, -85985, -81868, -78033, -74306, -70525, -66524, -62100, -56980, -50755, -50755, -50755, -50755, -50755, -50756, -50755, -50755, -50755, -50755, -50755, -48437, -42572, -39277, -38753, -37962, -36803, -37962, -38753, -39277, -39404, -39404, -33687, -26417, -22078, -18894, -15752, -12538, 0, 0, 0, 0, 0, -123945, -118150, -117272, -116052, -114452, -115032, -116498, -117601, -118150, -118150, -114081, -104146, -98205, -96091, -94343, -92894, -91710, -90763, -90050, -89392, -89021, -88993, -88993, -85985, -81868, -78033, -74306, -70525, -66524, -62100, -57136, -50755, -50755, -50755, -50755, -50755, -50756, -50755, -50755, -50755, -50755, -50755, -48330, -42228, -37513, -34733, -33766, -32366, -33766, -34733, -34980, -34980, -34980, -29707, -22979, -17419, -13887, 0, 0, 0, 0, 0, 0, 14610, -123149, -117272, -113468, -112245, -110644, -111223, -112692, -113468, -113468, -113468, -109966, -101299, -94777, -90842, -89528, -88410, -87477, -86718, -85776, -84980, -84598, -84569, -84569, -84569, -81868, -78033, -74306, -70525, -66524, -62550, -57412, -50755, -50755, -50755, -50755, -50755, -50756, -50755, -50755, -50755, -50755, -50755, -48163, -41696, -36757, -32981, -30579, -29056, -30579, -30978, -30978, -30978, -30978, -26030, -19705, -14472, 0, 0, 0, 0, 0, 0, 12125, 18611, -122056, -116052, -112245, -109866, -108338, -108889, -109866, -109866, -109866, -109866, -106762, -99005, -93095, -88566, -85830, -84947, -84196, -83012, -81820, -80994, -80598, -80567, -80567, -80567, -80567, -78033, -74306, -70525, -67374, -63243, -57842, -50755, -50756, -50756, -50756, -50756, -50756, -50756, -50756, -50756, -50756, -50756, -47911, -40905, -35649, -31695, -28732, -26613, -27198, -27198, -27198, -27198, -27198, -22484, -16462, 0, 0, 0, 0, 0, 0, 0, 15712, 22391, -120637, -114452, -110644, -108338, -107042, -107042, -107042, -107042, -107042, -107042, -104227, -97139, -91688, -87482, -84243, -82291, -80906, -79347, -78096, -77232, -76819, -76787, -76787, -76787, -76787, -76787, -74306, -71879, -68613, -64264, -58484, -50756, -50755, -50755, -50755, -50755, -50756, -50755, -50755, -50755, -50755, -50755, -48006, -41203, -36066, -32176, -29245, -25957, -23470, -23470, -23470, -23470, -23470, -18924, -13127, 0, 0, 0, 0, 0, 0, 13427, 19163, 26118, -121150, -115032, -111223, -108889, -107042, -104821, -104821, -104821, -104821, -104821, -102217, -95624, -90520, -86561, -83501, -80324, -77419, -75766, -74442, -73529, -73093, -73059, -73059, -73059, -73059, -73059, -73578, -71373, -68149, -63880, -58241, -50755, -50755, -50755, -50755, -50755, -50756, -50755, -50755, -50755, -50755, -50755, -48226, -41898, -37043, -33315, -29702, -25957, -22213, -19636, -19636, -19636, -19636, -15203, 0, 0, 0, 0, 0, 0, 0, 16568, 22617, 29953, -122454, -116498, -112692, -109866, -107042, -104821, -103096, -103096, -103096, -103096, -100645, -94417, -89572, -85799, -82246, -78649, -75095, -72122, -70704, -69727, -69261, -69225, -69225, -69225, -69225, -70399, -70894, -69570, -67053, -62981, -57679, -50755, -50755, -50755, -50755, -50755, -50756, -50755, -50755, -50755, -50755, -50755, -48372, -42361, -37703, -33609, -29702, -25957, -22213, -18305, -15519, -15519, -15519, 0, 0, 0, 0, 0, 0, 12147, 15093, 19753, 26214, 34069, -123446, -117601, -113468, -109866, -107042, -104821, -103096, -101806, -101806, -101806, -99463, -93495, -88836, -84772, -80928, -77263, -73621, -69850, -66715, -65652, -65147, -65108, -65108, -65108, -65814, -66856, -67298, -66119, -65311, -62376, -57305, -50755, -50755, -50755, -50755, -50755, -50756, -50755, -50755, -50755, -50755, -50755, -48462, -42652, -37866, -33609, -29702, -25957, -22213, -18305, -14049, 0, 0, 0, 0, 0, 0, 0, 14136, 17379, 20653, 24092, 30124, 38689, -124146, -118150, -113468, -109866, -107042, -104821, -103096, -101806, -100921, -100921, -98649, -92852, -88078, -83841, -79958, -76244, -72540, -68687, -64503, -61091, -60530, -60487, -60487, -60826, -61366, -62172, -62517, -61601, -60982, -60581, -57071, -50755, -50755, -50755, -50755, -50755, -50756, -50755, -50755, -50755, -50755, -50755, -48507, -42716, -37866, -33609, -29702, -25957, -22213, -18305, -14049, 0, 0, 0, 0, 0, 12878, 16599, 20159, 23704, 27382, 31362, 35867, 44121, -124445, -118150, -113468, -109866, -107042, -104821, -103096, -101806, -100921, -100436, -98201, -92411, -87563, -83308, -79404, -75664, -71926, -68027, -63781, -58947, -55103, -55054, -55139, -55306, -55575, -55980, -56156, -55692, -55383, -55185, -55074, -50755, -48497, -48437, -48330, -48163, -47911, -48006, -48226, -48372, -48462, -48507, -44951, -39554, -34992, -30944, -27188, -23552, -19883, -16024, 0, 0, 0, 0, 0, 13193, 17310, 21145, 24872, 28653, 32654, 37078, 42198, 48429, -119533, -114081, -109966, -106762, -104227, -102217, -100645, -99463, -98649, -98201, -98108, -92309, -87457, -83200, -79292, -75546, -71801, -67893, -63635, -58784, -52984, -50755, -50755, -50755, -50755, -50755, -50756, -50755, -50755, -50755, -50755, -50755, -44484, -42572, -42228, -41696, -40905, -41203, -41898, -42361, -42652, -42716, -39554, -31289, -27446, -23928, -20565, -17219, -13761, 0, 0, 0, 0, 0, 0, 13193, 17310, 21145, 24872, 28653, 32654, 37078, 42158, 48429, -109747, -104146, -101299, -99005, -97139, -95624, -94417, -93495, -92852, -92411, -92309, -92309, -87457, -83200, -79292, -75546, -71801, -67893, -63635, -58784, -53017, -50755, -50755, -50755, -50755, -50755, -50756, -50755, -50755, -50755, -50755, -50755, -44291, -39277, -37513, -36757, -35649, -36066, -37043, -37703, -37866, -37866, -34992, -27446, -21233, -18133, -15091, 0, 0, 0, 0, 0, 0, 0, 0, 13193, 17310, 21145, 24872, 28653, 32654, 36952, 41965, 48429, -105964, -98205, -94777, -93095, -91688, -90520, -89572, -88836, -88078, -87563, -87457, -87457, -87457, -83200, -79292, -75546, -71801, -67893, -63635, -59024, -53091, -50755, -50755, -50755, -50755, -50755, -50756, -50755, -50755, -50755, -50755, -50755, -43968, -38753, -34733, -32981, -31695, -32176, -33315, -33609, -33609, -33609, -30944, -23928, -18133, -13337, 0, 0, 0, 0, 0, 0, 13699, 15980, 15980, 15980, 17310, 21145, 24872, 28653, 32407, 36427, 41642, 48430, -102995, -96091, -90842, -88566, -87482, -86561, -85799, -84772, -83841, -83308, -83200, -83200, -83200, -83200, -79292, -75546, -71801, -67893, -64207, -59425, -53216, -50755, -50755, -50755, -50755, -50755, -50756, -50755, -50755, -50755, -50755, -50755, -43475, -37962, -33766, -30579, -28732, -29245, -29702, -29702, -29702, -29702, -27188, -20565, -15091, 0, 0, 0, 0, 0, 0, 0, 17557, 19887, 19887, 19887, 19887, 21145, 24872, 28254, 31440, 35637, 41150, 48430, -100617, -94343, -89528, -85830, -84243, -83501, -82246, -80928, -79958, -79404, -79292, -79292, -79292, -79292, -79292, -75546, -71801, -68899, -65068, -60034, -53407, -50755, -50755, -50755, -50755, -50755, -50756, -50755, -50755, -50755, -50755, -50755, -42743, -36803, -32366, -29056, -26613, -25957, -25957, -25957, -25957, -25957, -23552, -17219, 0, 0, 0, 0, 0, 0, 0, 14893, 21226, 23632, 23632, 23632, 23632, 23632, 24287, 26731, 30041, 34478, 40417, 48430, -98697, -92894, -88410, -84947, -82291, -80324, -78649, -77263, -76244, -75664, -75546, -75546, -75546, -75546, -75546, -75546, -73347, -70350, -66323, -60935, -53696, -50756, -50756, -50756, -50756, -50756, -50756, -50756, -50756, -50756, -50756, -50756, -43475, -37962, -33766, -30579, -27198, -23470, -22213, -22213, -22213, -22213, -19883, -13761, 0, 0, 0, 0, 0, 0, 12766, 18239, 24862, 27376, 27376, 27376, 27376, 26920, 26406, 28254, 31440, 35637, 41150, 48430, -97158, -91710, -87477, -84196, -80906, -77419, -75095, -73621, -72540, -71926, -71801, -71801, -71801, -71801, -71801, -73347, -71801, -68899, -65068, -60034, -53407, -50755, -50755, -50755, -50755, -50755, -50756, -50755, -50755, -50755, -50755, -50755, -43968, -38753, -34733, -30978, -27198, -23470, -19636, -18305, -18305, -18305, -16024, 0, 0, 0, 0, 0, 0, 0, 15808, 21602, 28618, 31284, 31284, 31284, 30989, 29850, 29369, 30655, 32407, 36427, 41642, 48430, -95951, -90763, -86718, -83012, -79347, -75766, -72122, -69850, -68687, -68027, -67893, -67893, -67893, -67893, -68899, -70350, -68899, -67893, -64207, -59425, -53216, -50755, -50755, -50755, -50755, -50755, -50756, -50755, -50755, -50755, -50755, -50755, -44291, -39277, -34980, -30978, -27198, -23470, -19636, -15519, -14049, -14049, 0, 0, 0, 0, 0, 0, 12766, 15808, 18908, 25120, 32667, 35540, 35540, 35377, 34717, 33740, 33324, 34432, 35187, 36952, 41965, 48429, -95054, -90050, -85776, -81820, -78096, -74442, -70704, -66715, -64503, -63781, -63635, -63635, -63635, -64207, -65068, -66323, -65068, -64207, -63635, -59024, -53091, -50755, -50755, -50755, -50755, -50755, -50756, -50755, -50755, -50755, -50755, -50755, -44484, -39404, -34980, -30978, -27198, -23470, -19636, -15519, 0, 0, 0, 0, 0, 0, 0, 14893, 18239, 21602, 25120, 28963, 37229, 40390, 40326, 40036, 39572, 38878, 38579, 39370, 39903, 40246, 42158, 48429, -94462, -89392, -84980, -80994, -77232, -73529, -69727, -65652, -61091, -58947, -58784, -58784, -59024, -59425, -60034, -60935, -60034, -59425, -59024, -58784, -53017, -50755, -50755, -50755, -50755, -50755, -50756, -50755, -50755, -50755, -50755, -50755, -44523, -39404, -34980, -30978, -27198, -23470, -19636, -15519, 0, 0, 0, 0, 0, 13699, 17557, 21226, 24862, 28618, 32667, 37229, 42625, 46182, 46136, 46046, 45901, 45681, 45585, 45837, 46005, 46111, 46171, 48429, -94140, -89021, -84598, -80598, -76819, -73093, -69261, -65147, -60530, -55103, -52984, -53017, -53091, -53216, -53407, -53696, -53407, -53216, -53091, -53017, -52984, -50755, -50755, -50755, -50755, -50755, -50756, -50755, -50755, -50755, -50755, -50755, -38192, -33687, -29707, -26030, -22484, -18924, -15203, 0, 0, 0, 0, 0, 0, 15980, 19887, 23632, 27376, 31284, 35540, 40390, 46182, 48429, 48429, 48429, 48430, 48430, 48430, 48430, 48430, 48429, 48429, 48429, -94112, -88993, -84569, -80567, -76787, -73059, -69225, -65108, -60487, -55054, -50755, -50755, -50755, -50755, -50755, -50756, -50755, -50755, -50755, -50755, -50755, -46447, -46362, -46195, -45926, -45520, -45345, -45808, -46118, -46316, -46427, -46447, -32449, -26417, -22979, -19705, -16462, -13127, 0, 0, 0, 0, 0, 0, 0, 15980, 19887, 23632, 27376, 31284, 35540, 40326, 46136, 48429, 48429, 48429, 48430, 48430, 48430, 48430, 48430, 48429, 48429, 48429, -90605, -88993, -84569, -80567, -76787, -73059, -69225, -65108, -60487, -55139, -50755, -50755, -50755, -50755, -50755, -50756, -50755, -50755, -50755, -50755, -50755, -46362, -41015, -40676, -40135, -39330, -38984, -39901, -40520, -40921, -41015, -41015, -28540, -22078, -17419, -14472, 0, 0, 0, 0, 0, 0, 13193, 13193, 13193, 15980, 19887, 23632, 27376, 31284, 35377, 40036, 46046, 48429, 48429, 48429, 48430, 48430, 48430, 48430, 48430, 48429, 48429, 48429, -85985, -85985, -84569, -80567, -76787, -73059, -69225, -65108, -60826, -55306, -50755, -50755, -50755, -50755, -50755, -50756, -50755, -50755, -50755, -50755, -50755, -46195, -40676, -36395, -35689, -34647, -34204, -35384, -36191, -36395, -36395, -36395, -24942, -18894, -13887, 0, 0, 0, 0, 0, 0, 12878, 17310, 17310, 17310, 17310, 19887, 23632, 27376, 30989, 34717, 39572, 45901, 48430, 48430, 48430, 48430, 48430, 48430, 48430, 48430, 48430, 48430, 48430, -81868, -81868, -81868, -80567, -76787, -73059, -69225, -65814, -61366, -55575, -50755, -50755, -50755, -50755, -50755, -50756, -50755, -50755, -50755, -50755, -50755, -45926, -40135, -35689, -32278, -31104, -30609, -31933, -32278, -32278, -32278, -32278, -21489, -15752, 0, 0, 0, 0, 0, 0, 0, 16599, 21145, 21145, 21145, 21145, 21145, 23632, 26920, 29850, 33740, 38878, 45681, 48430, 48430, 48430, 48430, 48430, 48430, 48430, 48430, 48430, 48430, 48430, -78033, -78033, -78033, -78033, -76787, -73059, -70399, -66856, -62172, -55980, -50755, -50755, -50755, -50755, -50755, -50756, -50755, -50755, -50755, -50755, -50755, -45520, -39330, -34647, -31104, -28444, -27925, -28444, -28444, -28444, -28444, -28444, -18037, -12538, 0, 0, 0, 0, 0, 0, 14136, 20159, 24872, 24872, 24872, 24872, 24872, 24287, 26406, 29369, 33324, 38579, 45585, 48430, 48430, 48430, 48430, 48430, 48430, 48430, 48430, 48430, 48430, 48430, -74306, -74306, -74306, -74306, -74306, -73578, -70894, -67298, -62517, -56156, -50756, -50756, -50756, -50756, -50756, -50756, -50756, -50756, -50756, -50756, -50756, -45345, -38984, -34204, -30609, -27925, -24717, -24717, -24717, -24717, -24717, -24717, -14450, 0, 0, 0, 0, 0, 0, 12147, 17379, 23704, 28653, 28653, 28653, 28653, 28254, 26731, 28254, 30655, 34432, 39370, 45837, 48430, 48430, 48430, 48430, 48430, 48430, 48430, 48430, 48430, 48430, 48430, -70525, -70525, -70525, -70525, -71879, -71373, -69570, -66119, -61601, -55692, -50755, -50755, -50755, -50755, -50755, -50756, -50755, -50755, -50755, -50755, -50755, -45808, -39901, -35384, -31933, -28444, -24717, -20937, -20937, -20937, -20937, -20937, 0, 0, 0, 0, 0, 0, 0, 15093, 20653, 27382, 32654, 32654, 32654, 32407, 31440, 30041, 31440, 32407, 35187, 39903, 46005, 48430, 48430, 48430, 48430, 48430, 48430, 48430, 48430, 48430, 48430, 48430, -66524, -66524, -66524, -67374, -68613, -68149, -67053, -65311, -60982, -55383, -50755, -50755, -50755, -50755, -50755, -50756, -50755, -50755, -50755, -50755, -50755, -46118, -40520, -36191, -32278, -28444, -24717, -20937, -16936, -16936, -16936, -16936, 0, 0, 0, 0, 0, 13427, 16568, 19753, 24092, 31362, 37078, 37078, 36952, 36427, 35637, 34478, 35637, 36427, 36952, 40246, 46111, 48429, 48429, 48429, 48430, 48430, 48430, 48430, 48430, 48429, 48429, 48429, -62100, -62100, -62550, -63243, -64264, -63880, -62981, -62376, -60581, -55185, -50755, -50755, -50755, -50755, -50755, -50756, -50755, -50755, -50755, -50755, -50755, -46316, -40921, -36395, -32278, -28444, -24717, -20937, -16936, -12512, -12512, -12512, 0, 0, 0, 12125, 15712, 19163, 22617, 26214, 30124, 35867, 42198, 42158, 41965, 41642, 41150, 40417, 41150, 41642, 41965, 42158, 46171, 48429, 48429, 48429, 48430, 48430, 48430, 48430, 48430, 48429, 48429, 48429, -56980, -57136, -57412, -57842, -58484, -58241, -57679, -57305, -57071, -55074, -50755, -50755, -50755, -50755, -50755, -50756, -50755, -50755, -50755, -50755, -50755, -46427, -41015, -36395, -32278, -28444, -24717, -20937, -16936, -12512, 0, 0, 0, 0, 14610, 18611, 22391, 26118, 29953, 34069, 38689, 44121, 48429, 48429, 48429, 48430, 48430, 48430, 48430, 48430, 48429, 48429, 48429, 48429, 48429, 48429, 48430, 48430, 48430, 48430, 48430, 48429, 48429, 48429, -50755, -50755, -50755, -50755, -50756, -50755, -50755, -50755, -50755, -50755, -50755, -50755, -50755, -50755, -50755, -50756, -50755, -50755, -50755, -50755, -50755, -46447, -41015, -36395, -32278, -28444, -24717, -20937, -16936, -12512, 0, 0,;