memory_initialization_radix=10;
memory_initialization_vector=-131071, -130545, -129706, -128555, -127060, -127601, -128974, -130019, -130756, -131071, -125897, -115591, -111606, -108479, -105975, -103952, -102331, -101060, -100116, -99492, -99152, -99123, -95429, -90563, -86227, -82188, -78262, -74280, -70066, -65406, -60014, -53457, -53457, -53457, -53457, -53458, -53458, -53458, -53458, -53457, -53457, -53457, -51079, -46852, -46649, -46309, -45790, -45019, -45790, -46309, -46649, -46852, -46894, -40226, -34177, -30059, -26270, -22633, -18997, -15220, -11141, -6565, -1225, -130545, -124440, -123516, -122232, -120546, -121157, -122701, -123863, -124440, -124440, -120156, -109691, -103434, -101207, -99367, -97840, -96593, -95596, -94845, -94151, -93761, -93731, -93731, -90563, -86227, -82188, -78262, -74280, -70066, -65406, -60178, -53457, -53457, -53457, -53457, -53458, -53458, -53458, -53458, -53457, -53457, -53457, -51016, -44839, -41369, -40816, -39984, -38763, -39984, -40816, -41369, -41502, -41502, -35481, -27824, -23254, -19899, -16591, -13205, -9617, -5683, -1225, 4116, -129706, -123516, -119509, -118221, -116535, -117145, -118692, -119509, -119509, -119509, -115821, -106692, -99823, -95679, -94295, -93117, -92135, -91336, -90343, -89505, -89103, -89071, -89071, -89071, -86227, -82188, -78262, -74280, -70066, -65880, -60469, -53457, -53457, -53457, -53457, -53458, -53458, -53458, -53458, -53457, -53457, -53457, -50903, -44477, -39510, -36582, -35563, -34090, -35563, -36582, -36842, -36842, -36842, -31289, -24202, -18346, -14626, -11591, -8423, -5010, -1225, 3234, 8691, -128555, -122232, -118221, -115715, -114106, -114687, -115715, -115715, -115715, -115715, -112447, -104276, -98051, -93282, -90399, -89470, -88678, -87432, -86177, -85306, -84889, -84857, -84857, -84857, -84857, -82188, -78262, -74280, -70962, -66610, -60922, -53458, -53458, -53458, -53458, -53458, -53458, -53458, -53458, -53458, -53458, -53458, -50727, -43916, -38714, -34737, -32208, -30603, -32208, -32628, -32628, -32628, -32628, -27415, -20754, -15243, -10678, -7453, -4475, -1225, 2561, 7168, 12770, -127060, -120546, -116535, -114106, -112742, -112742, -112742, -112742, -112742, -112742, -109777, -102311, -96570, -92140, -88729, -86673, -85213, -83571, -82255, -81344, -80909, -80875, -80875, -80875, -80875, -80875, -78262, -75706, -72266, -67686, -61597, -53458, -53458, -53458, -53458, -53458, -53458, -53458, -53458, -53458, -53458, -53458, -50461, -43082, -37548, -33382, -30262, -28030, -28646, -28646, -28646, -28646, -28646, -23682, -17338, -12095, -7757, -4173, -1225, 2025, 5973, 10756, 16548, -127601, -121157, -117145, -114687, -112742, -110402, -110402, -110402, -110402, -110402, -107659, -100715, -95340, -91170, -87946, -84601, -81541, -79800, -78406, -77444, -76985, -76949, -76949, -76949, -76949, -76949, -77496, -75174, -71777, -67281, -61342, -53458, -53458, -53458, -53458, -53458, -53458, -53458, -53458, -53458, -53458, -53458, -50562, -43397, -37986, -33889, -30802, -27339, -24720, -24720, -24720, -24720, -24720, -19932, -13826, -8792, -4641, -1225, 1724, 5004, 9142, 14142, 20184, -128974, -122701, -118692, -115715, -112742, -110402, -108585, -108585, -108585, -108585, -106004, -99444, -94341, -90368, -86625, -82837, -79094, -75962, -74469, -73439, -72948, -72911, -72911, -72911, -72911, -74147, -74669, -73274, -70624, -66334, -60750, -53458, -53458, -53458, -53458, -53458, -53458, -53458, -53458, -53458, -53458, -53458, -50794, -44128, -39015, -35089, -31283, -27339, -23395, -20681, -20681, -20681, -20681, -16013, -10083, -5217, -1225, 2192, 5308, 8228, 12177, 17450, 23821, -130019, -123863, -119509, -115715, -112742, -110402, -108585, -107227, -107227, -107227, -104759, -98473, -93566, -89286, -85237, -81376, -77541, -73569, -70267, -69148, -68615, -68574, -68574, -68574, -69318, -70415, -70881, -69639, -68789, -65697, -60356, -53457, -53457, -53457, -53457, -53458, -53458, -53458, -53458, -53457, -53457, -53457, -50947, -44617, -39710, -35399, -31283, -27339, -23395, -19280, -16345, -16345, -16345, -11751, -5950, -1225, 2767, 6343, 9646, 12794, 15897, 20804, 27610, -130756, -124440, -119509, -115715, -112742, -110402, -108585, -107227, -106294, -106294, -103902, -97796, -92768, -88305, -84215, -80303, -76402, -72344, -67937, -64343, -63753, -63708, -63708, -64065, -64634, -65482, -65846, -64881, -64228, -63806, -60110, -53457, -53457, -53457, -53457, -53458, -53458, -53458, -53458, -53457, -53457, -53457, -51042, -44923, -39882, -35399, -31283, -27339, -23395, -19280, -14797, -11478, -11478, -6925, -1225, 3501, 7633, 11377, 14889, 18305, 21753, 25375, 31728, -131071, -124440, -119509, -115715, -112742, -110402, -108585, -107227, -106294, -105783, -103430, -97331, -92225, -87744, -83632, -79693, -75755, -71649, -67177, -62086, -58037, -57986, -58075, -58251, -58534, -58961, -59146, -58658, -58332, -58123, -58007, -53457, -53457, -53457, -53457, -53458, -53458, -53458, -53458, -53457, -53457, -53457, -51090, -44990, -39882, -35399, -31283, -27339, -23395, -19280, -14797, -9688, -5756, -1225, 4476, 9302, 13564, 17483, 21232, 24966, 28840, 33032, 37777, -125897, -120156, -115821, -112447, -109777, -107659, -106004, -104759, -103902, -103430, -103332, -97224, -92114, -87630, -83514, -79569, -75624, -71507, -67023, -61914, -55805, -53457, -53457, -53457, -53458, -53458, -53458, -53458, -53457, -53457, -53457, -53457, -51079, -51016, -50903, -50727, -50461, -50562, -50794, -50947, -51042, -51090, -47344, -41660, -36855, -32591, -28635, -24806, -20941, -16877, -12423, -7327, -1225, 3307, 9029, 13896, 18232, 22271, 26197, 30179, 34393, 39052, 44444, -115591, -109691, -106692, -104276, -102311, -100715, -99444, -98473, -97796, -97331, -97224, -97224, -92114, -87630, -83514, -79569, -75624, -71507, -67023, -61914, -55839, -53457, -53457, -53457, -53458, -53458, -53458, -53458, -53457, -53457, -53457, -53457, -46852, -44839, -44477, -43916, -43082, -43397, -44128, -44617, -44923, -44990, -41660, -32955, -28907, -25202, -21660, -18136, -14494, -10587, -6242, -1225, 4878, 7239, 9029, 13896, 18232, 22271, 26197, 30179, 34393, 39052, 44403, -111606, -103434, -99823, -98051, -96570, -95340, -94341, -93566, -92768, -92225, -92114, -92114, -92114, -87630, -83514, -79569, -75624, -71507, -67023, -62167, -55918, -53457, -53457, -53457, -53458, -53458, -53458, -53458, -53457, -53457, -53457, -53457, -46649, -41369, -39510, -38714, -37548, -37986, -39015, -39710, -39882, -39882, -36855, -28907, -22364, -19099, -15894, -12629, -9188, -5440, -1225, 3792, 9974, 12347, 12347, 13896, 18232, 22271, 26197, 30179, 34393, 38919, 44199, -108479, -101207, -95679, -93282, -92140, -91170, -90368, -89286, -88305, -87744, -87630, -87630, -87630, -87630, -83514, -79569, -75624, -71507, -67626, -62589, -56049, -53457, -53457, -53457, -53458, -53458, -53458, -53458, -53457, -53457, -53457, -53457, -46309, -40816, -36582, -34737, -33382, -33889, -35089, -35399, -35399, -35399, -32591, -25202, -19099, -14047, -11120, -8078, -4819, -1225, 2991, 8138, 14428, 16831, 16831, 16831, 18232, 22271, 26197, 30179, 34133, 38367, 43859, -105975, -99367, -94295, -90399, -88729, -87946, -86625, -85237, -84215, -83632, -83514, -83514, -83514, -83514, -83514, -79569, -75624, -72568, -68532, -63230, -56251, -53458, -53458, -53458, -53458, -53458, -53458, -53458, -53458, -53458, -53458, -53458, -45790, -39984, -35563, -32208, -30262, -30802, -31283, -31283, -31283, -31283, -28635, -21660, -15894, -11120, -7169, -4318, -1225, 2369, 6739, 12044, 18492, 20946, 20946, 20946, 20946, 22271, 26197, 29758, 33114, 37534, 43341, -103952, -97840, -93117, -89470, -86673, -84601, -82837, -81376, -80303, -79693, -79569, -79569, -79569, -79569, -79569, -79569, -77253, -74096, -69855, -64180, -56555, -53458, -53458, -53458, -53458, -53458, -53458, -53458, -53458, -53458, -53458, -53458, -45019, -38763, -34090, -30603, -28030, -27339, -27339, -27339, -27339, -27339, -24806, -18136, -12629, -8078, -4318, -1225, 1869, 5628, 10180, 15686, 22356, 24890, 24890, 24890, 24890, 24890, 25581, 28154, 31640, 36314, 42569, -102331, -96593, -92135, -88678, -85213, -81541, -79094, -77541, -76402, -75755, -75624, -75624, -75624, -75624, -75624, -77253, -75624, -72568, -68532, -63230, -56251, -53458, -53458, -53458, -53458, -53458, -53458, -53458, -53458, -53458, -53458, -53458, -45790, -39984, -35563, -32208, -28646, -24720, -23395, -23395, -23395, -23395, -20941, -14494, -9188, -4819, -1225, 1869, 4720, 8671, 13445, 19211, 26186, 28834, 28834, 28834, 28834, 28353, 27812, 29758, 33114, 37534, 43341, -101060, -95596, -91336, -87432, -83571, -79800, -75962, -73569, -72344, -71649, -71507, -71507, -71507, -71507, -72568, -74096, -72568, -71507, -67626, -62589, -56049, -53457, -53457, -53457, -53458, -53458, -53458, -53458, -53457, -53457, -53457, -53457, -46309, -40816, -36582, -32628, -28646, -24720, -20681, -19280, -19280, -19280, -16877, -10587, -5440, -1225, 2369, 5628, 8671, 11598, 16650, 22753, 30142, 32949, 32949, 32949, 32639, 31440, 30933, 32288, 34133, 38367, 43859, -100116, -94845, -90343, -86177, -82255, -78406, -74469, -70267, -67937, -67177, -67023, -67023, -67023, -67626, -68532, -69855, -68532, -67626, -67023, -62167, -55918, -53457, -53457, -53457, -53458, -53458, -53458, -53458, -53457, -53457, -53457, -53457, -46649, -41369, -36842, -32628, -28646, -24720, -20681, -16345, -14797, -14797, -12423, -6242, -1225, 2991, 6739, 10180, 13445, 16650, 19914, 26458, 34406, 37433, 37433, 37261, 36566, 35537, 35098, 36265, 37061, 38919, 44199, -99492, -94151, -89505, -85306, -81344, -77444, -73439, -69148, -64343, -62086, -61914, -61914, -62167, -62589, -63230, -64180, -63230, -62589, -62167, -61914, -55839, -53457, -53457, -53457, -53458, -53458, -53458, -53458, -53457, -53457, -53457, -53457, -46852, -41502, -36842, -32628, -28646, -24720, -20681, -16345, -11478, -9688, -7327, -1225, 3792, 8138, 12044, 15686, 19211, 22753, 26458, 30505, 39211, 42541, 42473, 42168, 41679, 40948, 40633, 41466, 42027, 42389, 44403, -99152, -93761, -89103, -84889, -80909, -76985, -72948, -68615, -63753, -58037, -55805, -55839, -55918, -56049, -56251, -56555, -56251, -56049, -55918, -55839, -55805, -53457, -53457, -53457, -53458, -53458, -53458, -53458, -53457, -53457, -53457, -53457, -46894, -41502, -36842, -32628, -28646, -24720, -20681, -16345, -11478, -5756, -1225, 4878, 9974, 14428, 18492, 22356, 26186, 30142, 34406, 39211, 44895, 48641, 48593, 48498, 48345, 48113, 48012, 48278, 48454, 48567, 48629, -99123, -93731, -89071, -84857, -80875, -76949, -72911, -68574, -63708, -57986, -53457, -53457, -53457, -53457, -53458, -53458, -53458, -53457, -53457, -53457, -53457, -48920, -48830, -48654, -48371, -47944, -47759, -48247, -48573, -48782, -48899, -48920, -40226, -35481, -31289, -27415, -23682, -19932, -16013, -11751, -6925, -1225, 3307, 7239, 12347, 16831, 20946, 24890, 28834, 32949, 37433, 42541, 48641, 51008, 51008, 51008, 51008, 51009, 51009, 51008, 51008, 51008, 51008, -95429, -93731, -89071, -84857, -80875, -76949, -72911, -68574, -63708, -58075, -53457, -53457, -53457, -53457, -53458, -53458, -53458, -53457, -53457, -53457, -53457, -48830, -43198, -42841, -42272, -41424, -41060, -42025, -42678, -43100, -43198, -43198, -34177, -27824, -24202, -20754, -17338, -13826, -10083, -5950, -1225, 4476, 9029, 9029, 12347, 16831, 20946, 24890, 28834, 32949, 37433, 42473, 48593, 51008, 51008, 51008, 51008, 51009, 51009, 51008, 51008, 51008, 51008, -90563, -90563, -89071, -84857, -80875, -76949, -72911, -68574, -64065, -58251, -53457, -53457, -53457, -53457, -53458, -53458, -53458, -53457, -53457, -53457, -53457, -48654, -42841, -38333, -37589, -36492, -36025, -37268, -38118, -38333, -38333, -38333, -30059, -23254, -18346, -15243, -12095, -8792, -5217, -1225, 3501, 9302, 13896, 13896, 13896, 16831, 20946, 24890, 28834, 32949, 37261, 42168, 48498, 51008, 51008, 51008, 51008, 51009, 51009, 51008, 51008, 51008, 51008, -86227, -86227, -86227, -84857, -80875, -76949, -72911, -69318, -64634, -58534, -53458, -53458, -53458, -53458, -53458, -53458, -53458, -53458, -53458, -53458, -53458, -48371, -42272, -37589, -33997, -32760, -32239, -33633, -33997, -33997, -33997, -33997, -26270, -19899, -14626, -10678, -7757, -4641, -1225, 2767, 7633, 13564, 18232, 18232, 18232, 18232, 20946, 24890, 28834, 32639, 36566, 41679, 48345, 51008, 51008, 51008, 51008, 51009, 51009, 51008, 51008, 51008, 51008, -82188, -82188, -82188, -82188, -80875, -76949, -74147, -70415, -65482, -58961, -53458, -53458, -53458, -53458, -53458, -53458, -53458, -53458, -53458, -53458, -53458, -47944, -41424, -36492, -32760, -29958, -29412, -29958, -29958, -29958, -29958, -29958, -22633, -16591, -11591, -7453, -4173, -1225, 2192, 6343, 11377, 17483, 22271, 22271, 22271, 22271, 22271, 24890, 28353, 31440, 35537, 40948, 48113, 51009, 51009, 51009, 51009, 51009, 51009, 51009, 51009, 51009, 51009, -78262, -78262, -78262, -78262, -78262, -77496, -74669, -70881, -65846, -59146, -53458, -53458, -53458, -53458, -53458, -53458, -53458, -53458, -53458, -53458, -53458, -47759, -41060, -36025, -32239, -29412, -26033, -26033, -26033, -26033, -26033, -26033, -18997, -13205, -8423, -4475, -1225, 1724, 5308, 9646, 14889, 21232, 26197, 26197, 26197, 26197, 26197, 25581, 27812, 30933, 35098, 40633, 48012, 51009, 51009, 51009, 51009, 51009, 51009, 51009, 51009, 51009, 51009, -74280, -74280, -74280, -74280, -75706, -75174, -73274, -69639, -64881, -58658, -53458, -53458, -53458, -53458, -53458, -53458, -53458, -53458, -53458, -53458, -53458, -48247, -42025, -37268, -33633, -29958, -26033, -22051, -22051, -22051, -22051, -22051, -15220, -9617, -5010, -1225, 2025, 5004, 8228, 12794, 18305, 24966, 30179, 30179, 30179, 30179, 29758, 28154, 29758, 32288, 36265, 41466, 48278, 51008, 51008, 51008, 51008, 51009, 51009, 51008, 51008, 51008, 51008, -70066, -70066, -70066, -70962, -72266, -71777, -70624, -68789, -64228, -58332, -53457, -53457, -53457, -53457, -53458, -53458, -53458, -53457, -53457, -53457, -53457, -48573, -42678, -38118, -33997, -29958, -26033, -22051, -17837, -17837, -17837, -17837, -11141, -5683, -1225, 2561, 5973, 9142, 12177, 15897, 21753, 28840, 34393, 34393, 34393, 34133, 33114, 31640, 33114, 34133, 37061, 42027, 48454, 51008, 51008, 51008, 51008, 51009, 51009, 51008, 51008, 51008, 51008, -65406, -65406, -65880, -66610, -67686, -67281, -66334, -65697, -63806, -58123, -53457, -53457, -53457, -53457, -53458, -53458, -53458, -53457, -53457, -53457, -53457, -48782, -43100, -38333, -33997, -29958, -26033, -22051, -17837, -13179, -13179, -13179, -6565, -1225, 3234, 7168, 10756, 14142, 17450, 20804, 25375, 33032, 39052, 39052, 38919, 38367, 37534, 36314, 37534, 38367, 38919, 42389, 48567, 51008, 51008, 51008, 51008, 51009, 51009, 51008, 51008, 51008, 51008, -60014, -60178, -60469, -60922, -61597, -61342, -60750, -60356, -60110, -58007, -53457, -53457, -53457, -53457, -53458, -53458, -53458, -53457, -53457, -53457, -53457, -48899, -43198, -38333, -33997, -29958, -26033, -22051, -17837, -13179, -7787, -7787, -1225, 4116, 8691, 12770, 16548, 20184, 23821, 27610, 31728, 37777, 44444, 44403, 44199, 43859, 43341, 42569, 43341, 43859, 44199, 44403, 48629, 51008, 51008, 51008, 51008, 51009, 51009, 51008, 51008, 51008, 51008, -53457, -53457, -53457, -53458, -53458, -53458, -53458, -53457, -53457, -53457, -53457, -53457, -53457, -53457, -53458, -53458, -53458, -53457, -53457, -53457, -53457, -48920, -43198, -38333, -33997, -29958, -26033, -22051, -17837, -13179, -7787, -1225, 5338, 10729, 15388, 19602, 23584, 27509, 31547, 35883, 40749, 46471, 51008, 51008, 51008, 51008, 51009, 51009, 51009, 51008, 51008, 51008, 51008, 51008, 51008, 51008, 51008, 51009, 51009, 51008, 51008, 51008, 51008, -53457, -53457, -53457, -53458, -53458, -53458, -53458, -53457, -53457, -53457, -51079, -46852, -46649, -46309, -45790, -45019, -45790, -46309, -46649, -46852, -46894, -40226, -34177, -30059, -26270, -22633, -18997, -15220, -11141, -6565, -1225, 5338, 5338, 10729, 15388, 19602, 23584, 27509, 31547, 35883, 40749, 46450, 51008, 51008, 51008, 51008, 51009, 51009, 51009, 51008, 51008, 51008, 51008, 55557, 57661, 57907, 58300, 58893, 59148, 58472, 58020, 57728, 57565, -53457, -53457, -53457, -53458, -53458, -53458, -53458, -53457, -53457, -53457, -51016, -44839, -41369, -40816, -39984, -38763, -39984, -40816, -41369, -41502, -41502, -35481, -27824, -23254, -19899, -16591, -13205, -9617, -5683, -1225, 4116, 10729, 10729, 10729, 15388, 19602, 23584, 27509, 31547, 35883, 40651, 46333, 51008, 51008, 51008, 51008, 51009, 51009, 51009, 51008, 51008, 51008, 51008, 55674, 61357, 63248, 63885, 64832, 65236, 64161, 63431, 62957, 62957, -53457, -53457, -53457, -53458, -53458, -53458, -53458, -53457, -53457, -53457, -50903, -44477, -39510, -36582, -35563, -34090, -35563, -36582, -36842, -36842, -36842, -31289, -24202, -18346, -14626, -11591, -8423, -5010, -1225, 3234, 8691, 15388, 15388, 15388, 15388, 19602, 23584, 27509, 31547, 35669, 40228, 46124, 51008, 51008, 51008, 51008, 51009, 51009, 51009, 51008, 51008, 51008, 51008, 55883, 61779, 66339, 68174, 69328, 69817, 68512, 67616, 67616, 67616, -53458, -53458, -53458, -53458, -53458, -53458, -53458, -53458, -53458, -53458, -50727, -43916, -38714, -34737, -32208, -30603, -32208, -32628, -32628, -32628, -32628, -27415, -20754, -15243, -10678, -7453, -4475, -1225, 2561, 7168, 12770, 19602, 19602, 19602, 19602, 19602, 23584, 27509, 31184, 34819, 39576, 45798, 51008, 51008, 51008, 51008, 51009, 51009, 51009, 51008, 51008, 51008, 51008, 56208, 62432, 67190, 70825, 72724, 73257, 71831, 71831, 71831, 71831, -53458, -53458, -53458, -53458, -53458, -53458, -53458, -53458, -53458, -53458, -50461, -43082, -37548, -33382, -30262, -28030, -28646, -28646, -28646, -28646, -28646, -23682, -17338, -12095, -7757, -4173, -1225, 2025, 5973, 10756, 16548, 23584, 23584, 23584, 23584, 23584, 23584, 26963, 29790, 33576, 38611, 45310, 51009, 51009, 51009, 51009, 51009, 51009, 51009, 51009, 51009, 51009, 51009, 56697, 63397, 68432, 72219, 75046, 75813, 75813, 75813, 75813, 75813, -53458, -53458, -53458, -53458, -53458, -53458, -53458, -53458, -53458, -53458, -50562, -43397, -37986, -33889, -30802, -27339, -24720, -24720, -24720, -24720, -24720, -19932, -13826, -8792, -4641, -1225, 1724, 5004, 9142, 14142, 20184, 27509, 27509, 27509, 27509, 27509, 26963, 27509, 30311, 34042, 38974, 45495, 51009, 51009, 51009, 51009, 51009, 51009, 51009, 51009, 51009, 51009, 51009, 56512, 63033, 67966, 71698, 74500, 78426, 79739, 79739, 79739, 79739, -53458, -53458, -53458, -53458, -53458, -53458, -53458, -53458, -53458, -53458, -50794, -44128, -39015, -35089, -31283, -27339, -23395, -20681, -20681, -20681, -20681, -16013, -10083, -5217, -1225, 2192, 5308, 8228, 12177, 17450, 23821, 31547, 31547, 31547, 31547, 31184, 29790, 30311, 31547, 35140, 39823, 45922, 51008, 51008, 51008, 51008, 51009, 51009, 51009, 51008, 51008, 51008, 51008, 56085, 62185, 66869, 70461, 74500, 78426, 82408, 83777, 83777, 83777, -53457, -53457, -53457, -53458, -53458, -53458, -53458, -53457, -53457, -53457, -50947, -44617, -39710, -35399, -31283, -27339, -23395, -19280, -16345, -16345, -16345, -11751, -5950, -1225, 2767, 6343, 9646, 12794, 15897, 20804, 27610, 35883, 35883, 35883, 35669, 34819, 33576, 34042, 35140, 35883, 40392, 46205, 51008, 51008, 51008, 51008, 51009, 51009, 51009, 51008, 51008, 51008, 51008, 55802, 61616, 66125, 70461, 74500, 78426, 82408, 86622, 88114, 88114, -53457, -53457, -53457, -53458, -53458, -53458, -53458, -53457, -53457, -53457, -51042, -44923, -39882, -35399, -31283, -27339, -23395, -19280, -14797, -11478, -11478, -6925, -1225, 3501, 7633, 11377, 14889, 18305, 21753, 25375, 31728, 40749, 40749, 40651, 40228, 39576, 38611, 38974, 39823, 40392, 40749, 46381, 51008, 51008, 51008, 51008, 51009, 51009, 51009, 51008, 51008, 51008, 51008, 55626, 61259, 66125, 70461, 74500, 78426, 82408, 86622, 91282, 92980, -53457, -53457, -53457, -53458, -53458, -53458, -53458, -53457, -53457, -53457, -51090, -44990, -39882, -35399, -31283, -27339, -23395, -19280, -14797, -9688, -5756, -1225, 4476, 9302, 13564, 17483, 21232, 24966, 28840, 33032, 37777, 46471, 46450, 46333, 46124, 45798, 45310, 45495, 45922, 46205, 46381, 46471, 51008, 51008, 51008, 51008, 51009, 51009, 51009, 51008, 51008, 51008, 51008, 55536, 61259, 66125, 70461, 74500, 78426, 82408, 86622, 91282, 96674, -51079, -51016, -50903, -50727, -50461, -50562, -50794, -50947, -51042, -51090, -47344, -41660, -36855, -32591, -28635, -24806, -20941, -16877, -12423, -7327, -1225, 3307, 9029, 13896, 18232, 22271, 26197, 30179, 34393, 39052, 44444, 51008, 51008, 51008, 51008, 51008, 51009, 51009, 51008, 51008, 51008, 51008, 53356, 53390, 53468, 53600, 53802, 54106, 53802, 53600, 53468, 53390, 53356, 55588, 61304, 66166, 70499, 74535, 78460, 82440, 86653, 91312, 96703, -46852, -44839, -44477, -43916, -43082, -43397, -44128, -44617, -44923, -44990, -41660, -32955, -28907, -25202, -21660, -18136, -14494, -10587, -6242, -1225, 4878, 7239, 9029, 13896, 18232, 22271, 26197, 30179, 34393, 39052, 44403, 51008, 51008, 51008, 51008, 51008, 51009, 51009, 51008, 51008, 51008, 51008, 53390, 59464, 59717, 60140, 60781, 61730, 60781, 60140, 59717, 59464, 59464, 59636, 61894, 66699, 70990, 74994, 78895, 82857, 87056, 91702, 97043, -46649, -41369, -39510, -38714, -37548, -37986, -39015, -39710, -39882, -39882, -36855, -28907, -22364, -19099, -15894, -12629, -9188, -5440, -1225, 3792, 9974, 12347, 12347, 13896, 18232, 22271, 26197, 30179, 34393, 38919, 44199, 51008, 51008, 51008, 51008, 51008, 51009, 51009, 51008, 51008, 51008, 51008, 53468, 59717, 64574, 65177, 66083, 67405, 66083, 65177, 64574, 64574, 64574, 64728, 65488, 67818, 72019, 75957, 79805, 83727, 87894, 92395, 97666, -46309, -40816, -36582, -34737, -33382, -33889, -35089, -35399, -35399, -35399, -32591, -25202, -19099, -14047, -11120, -8078, -4819, -1225, 2991, 8138, 14428, 16831, 16831, 16831, 18232, 22271, 26197, 30179, 34133, 38367, 43859, 51008, 51008, 51008, 51008, 51008, 51009, 51009, 51008, 51008, 51008, 51008, 53600, 60140, 65177, 69058, 70118, 71647, 70118, 69058, 69058, 69058, 69058, 69199, 69895, 71119, 73513, 77351, 81122, 84983, 88886, 93147, 98611, -45790, -39984, -35563, -32208, -30262, -30802, -31283, -31283, -31283, -31283, -28635, -21660, -15894, -11120, -7169, -4318, -1225, 2369, 6739, 12044, 18492, 20946, 20946, 20946, 20946, 22271, 26197, 29758, 33114, 37534, 43341, 51009, 51009, 51009, 51009, 51009, 51009, 51009, 51009, 51009, 51009, 51009, 53802, 60781, 66083, 70118, 73174, 74803, 73174, 73174, 73174, 73174, 73174, 73306, 73953, 75092, 76644, 79092, 82764, 86229, 89686, 94144, 99882, -45019, -38763, -34090, -30603, -28030, -27339, -27339, -27339, -27339, -27339, -24806, -18136, -12629, -8078, -4318, -1225, 1869, 5628, 10180, 15686, 22356, 24890, 24890, 24890, 24890, 24890, 25581, 28154, 31640, 36314, 42569, 51009, 51009, 51009, 51009, 51009, 51009, 51009, 51009, 51009, 51009, 51009, 54106, 61730, 67405, 71647, 74803, 77119, 77119, 77119, 77119, 77119, 77119, 77244, 77854, 78927, 80388, 82152, 84223, 87020, 90668, 95391, 101502, -45790, -39984, -35563, -32208, -28646, -24720, -23395, -23395, -23395, -23395, -20941, -14494, -9188, -4819, -1225, 1869, 4720, 8671, 13445, 19211, 26186, 28834, 28834, 28834, 28834, 28353, 27812, 29758, 33114, 37534, 43341, 51009, 51009, 51009, 51009, 51009, 51009, 51009, 51009, 51009, 51009, 51009, 53802, 60781, 66083, 70118, 73174, 77119, 81064, 81064, 81064, 81064, 81064, 81183, 81766, 82787, 84175, 85497, 86280, 87950, 91846, 96917, 103526, -46309, -40816, -36582, -32628, -28646, -24720, -20681, -19280, -19280, -19280, -16877, -10587, -5440, -1225, 2369, 5628, 8671, 11598, 16650, 22753, 30142, 32949, 32949, 32949, 32639, 31440, 30933, 32288, 34133, 38367, 43859, 51008, 51008, 51008, 51008, 51008, 51009, 51009, 51008, 51008, 51008, 51008, 53600, 60140, 65177, 69058, 73174, 77119, 81064, 85180, 85180, 85180, 85180, 85295, 85856, 86837, 87918, 88720, 89690, 90833, 93229, 98758, 106030, -46649, -41369, -36842, -32628, -28646, -24720, -20681, -16345, -14797, -14797, -12423, -6242, -1225, 2991, 6739, 10180, 13445, 16650, 19914, 26458, 34406, 37433, 37433, 37261, 36566, 35537, 35098, 36265, 37061, 38919, 44199, 51008, 51008, 51008, 51008, 51008, 51009, 51009, 51008, 51008, 51008, 51008, 53468, 59717, 64574, 69058, 73174, 77119, 81064, 85180, 89665, 89665, 89665, 89776, 90319, 91117, 91892, 92891, 94121, 95602, 97374, 100985, 109156, -46852, -41502, -36842, -32628, -28646, -24720, -20681, -16345, -11478, -9688, -7327, -1225, 3792, 8138, 12044, 15686, 19211, 22753, 26458, 30505, 39211, 42541, 42473, 42168, 41679, 40948, 40633, 41466, 42027, 42389, 44403, 51008, 51008, 51008, 51008, 51008, 51009, 51009, 51008, 51008, 51008, 51008, 53390, 59464, 64574, 69058, 73174, 77119, 81064, 85180, 89665, 94774, 94774, 94882, 95346, 96024, 96995, 98266, 99862, 101827, 104243, 107242, 113141, -46894, -41502, -36842, -32628, -28646, -24720, -20681, -16345, -11478, -5756, -1225, 4878, 9974, 14428, 18492, 22356, 26186, 30142, 34406, 39211, 44895, 48641, 48593, 48498, 48345, 48113, 48012, 48278, 48454, 48567, 48629, 51008, 51008, 51008, 51008, 51008, 51009, 51009, 51008, 51008, 51008, 51008, 53356, 59464, 64574, 69058, 73174, 77119, 81064, 85180, 89665, 94774, 100882, 100980, 101452, 102310, 103554, 105210, 107327, 109998, 113372, 117706, 123448, -40226, -35481, -31289, -27415, -23682, -19932, -16013, -11751, -6925, -1225, 3307, 7239, 12347, 16831, 20946, 24890, 28834, 32949, 37433, 42541, 48641, 51008, 51008, 51008, 51008, 51009, 51009, 51008, 51008, 51008, 51008, 51008, 55557, 55674, 55883, 56208, 56697, 56512, 56085, 55802, 55626, 55536, 55588, 59636, 64728, 69199, 73306, 77244, 81183, 85295, 89776, 94882, 100980, 103334, 103845, 104777, 106136, 107953, 110293, 113266, 117060, 121991, 128622, -34177, -27824, -24202, -20754, -17338, -13826, -10083, -5950, -1225, 4476, 9029, 9029, 12347, 16831, 20946, 24890, 28834, 32949, 37433, 42473, 48593, 51008, 51008, 51008, 51008, 51009, 51009, 51008, 51008, 51008, 51008, 51008, 57661, 61357, 61779, 62432, 63397, 63033, 62185, 61616, 61259, 61259, 61304, 61894, 65488, 69895, 73953, 77854, 81766, 85856, 90319, 95346, 101452, 103845, 103845, 104777, 106136, 107953, 110293, 113266, 117060, 121991, 128306, -30059, -23254, -18346, -15243, -12095, -8792, -5217, -1225, 3501, 9302, 13896, 13896, 13896, 16831, 20946, 24890, 28834, 32949, 37261, 42168, 48498, 51008, 51008, 51008, 51008, 51009, 51009, 51008, 51008, 51008, 51008, 51008, 57907, 63248, 66339, 67190, 68432, 67966, 66869, 66125, 66125, 66125, 66166, 66699, 67818, 71119, 75092, 78927, 82787, 86837, 91117, 96024, 102310, 104777, 104777, 104777, 106136, 107953, 110293, 113266, 117060, 121414, 127570, -26270, -19899, -14626, -10678, -7757, -4641, -1225, 2767, 7633, 13564, 18232, 18232, 18232, 18232, 20946, 24890, 28834, 32639, 36566, 41679, 48345, 51008, 51008, 51008, 51008, 51009, 51009, 51008, 51008, 51008, 51008, 51008, 58300, 63885, 68174, 70825, 72219, 71698, 70461, 70461, 70461, 70461, 70499, 70990, 72019, 73513, 76644, 80388, 84175, 87918, 91892, 96995, 103554, 106136, 106136, 106136, 106136, 107953, 110293, 113266, 116243, 120252, 126525, -22633, -16591, -11591, -7453, -4173, -1225, 2192, 6343, 11377, 17483, 22271, 22271, 22271, 22271, 22271, 24890, 28353, 31440, 35537, 40948, 48113, 51009, 51009, 51009, 51009, 51009, 51009, 51009, 51009, 51009, 51009, 51009, 58893, 64832, 69328, 72724, 75046, 74500, 74500, 74500, 74500, 74500, 74535, 74994, 75957, 77351, 79092, 82152, 85497, 88720, 92891, 98266, 105210, 107953, 107953, 107953, 107953, 107953, 110293, 112238, 114696, 118708, 125151, -18997, -13205, -8423, -4475, -1225, 1724, 5308, 9646, 14889, 21232, 26197, 26197, 26197, 26197, 26197, 25581, 27812, 30933, 35098, 40633, 48012, 51009, 51009, 51009, 51009, 51009, 51009, 51009, 51009, 51009, 51009, 51009, 59148, 65236, 69817, 73257, 75813, 78426, 78426, 78426, 78426, 78426, 78460, 78895, 79805, 81122, 82764, 84223, 86280, 89690, 94121, 99862, 107327, 110293, 110293, 110293, 110293, 110293, 110293, 111657, 114086, 118097, 124611, -15220, -9617, -5010, -1225, 2025, 5004, 8228, 12794, 18305, 24966, 30179, 30179, 30179, 30179, 29758, 28154, 29758, 32288, 36265, 41466, 48278, 51008, 51008, 51008, 51008, 51009, 51009, 51008, 51008, 51008, 51008, 51008, 58472, 64161, 68512, 71831, 75813, 79739, 82408, 82408, 82408, 82408, 82440, 82857, 83727, 84983, 86229, 87020, 87950, 90833, 95602, 101827, 109998, 113266, 113266, 113266, 113266, 112238, 111657, 113266, 115772, 119782, 126106, -11141, -5683, -1225, 2561, 5973, 9142, 12177, 15897, 21753, 28840, 34393, 34393, 34393, 34133, 33114, 31640, 33114, 34133, 37061, 42027, 48454, 51008, 51008, 51008, 51008, 51009, 51009, 51008, 51008, 51008, 51008, 51008, 58020, 63431, 67616, 71831, 75813, 79739, 83777, 86622, 86622, 86622, 86653, 87056, 87894, 88886, 89686, 90668, 91846, 93229, 97374, 104243, 113372, 117060, 117060, 117060, 116243, 114696, 114086, 115772, 117060, 121066, 127256, -6565, -1225, 3234, 7168, 10756, 14142, 17450, 20804, 25375, 33032, 39052, 39052, 38919, 38367, 37534, 36314, 37534, 38367, 38919, 42389, 48567, 51008, 51008, 51008, 51008, 51009, 51009, 51008, 51008, 51008, 51008, 51008, 57728, 62957, 67616, 71831, 75813, 79739, 83777, 88114, 91282, 91282, 91312, 91702, 92395, 93147, 94144, 95391, 96917, 98758, 100985, 107242, 117706, 121991, 121991, 121414, 120252, 118708, 118097, 119782, 121066, 121991, 128095, -1225, 4116, 8691, 12770, 16548, 20184, 23821, 27610, 31728, 37777, 44444, 44403, 44199, 43859, 43341, 42569, 43341, 43859, 44199, 44403, 48629, 51008, 51008, 51008, 51008, 51009, 51009, 51008, 51008, 51008, 51008, 51008, 57565, 62957, 67616, 71831, 75813, 79739, 83777, 88114, 92980, 96674, 96703, 97043, 97666, 98611, 99882, 101502, 103526, 106030, 109156, 113141, 123448, 128622, 128306, 127570, 126525, 125151, 124611, 126106, 127256, 128095, 128622, ;